156
14
110
84
239
158
91
21
20
112
132
119
42
141
79
217
195
125
147
110
12
145
238
252
181
72
67
3
146
199
51
195
118
245
59
214
107
25
18
52
101
208
133
139
122
177
207
249
213
19
67
17
206
246
184
119
131
185
112
119
178
135
11
245
73
163
215
79
227
153
254
124
86
86
7
223
164
37
7
247
74
47
23
234
172
91
79
17
190
155
48
68
10
101
27
56
89
49
166
14
13
168
22
171
35
93
127
25
174
106
100
84
85
122
43
70
94
70
36
178
50
65
138
157
222
79
186
230
236
116
62
159
46
143
67
187
240
138
177
168
78
101
196
54
41
163
148
118
80
169
